10 3.60555
20 5.38516
30 7
40 9.05539
50 11.1803
60 12.0416
70 12.083
80 12.53
90 13.6015
100 14.0357
110 15.2971
120 16.2788
130 16.4924
140 18.4391
150 18.6815
160 18.6815
170 20.8806
180 21.1896
190 21.1896
200 22.1359
210 23.0868
220 23.0868
230 24.0416
240 24.0416
250 24.5153
260 24.5153
270 25.2982
280 26.2488
290 26.2488
300 27.2029
310 27.2029
320 27.2029
330 27.2029
340 27.2029
350 28.3196
360 29.0689
370 29.1204
380 30.0832
390 30.0832
400 30.0832
410 30.3645
420 31.6228
430 33.5261
440 33.5261
450 33.5261
460 33.5261
470 34.4819
480 36.4005
490 38.6005
500 39.2938
510 39.5601
520 39.5601
530 39.5601
540 39.9249
550 40.8534
560 40.8534
570 41.2311
580 41.2311
590 42.2019
600 42.2019
610 42.72
620 42.72
630 42.72
640 43.0813
650 43.6807
660 43.6807
670 44.3847
680 44.643
690 44.7772
700 45.1885
710 47.0106
720 47.0106
730 47.0106
740 47.0106
750 47.0106
760 47.0106
770 47.927
780 47.927
790 47.927
800 47.927
810 47.927
820 48.7545
830 48.7545
840 48.7545
850 48.7545
860 48.7545
870 48.7545
880 49.6588
890 51.4782
900 51.4782
910 51.4782
920 51.4782
930 51.4782
940 52.3927
950 52.3927
960 52.3927
970 54.231
980 54.231
990 55.1543
1000 57.0088
1010 57.9396
1020 58.3095
1030 58.6941
1040 58.6941
1050 58.6941
1060 58.8727
1070 59.1354
1080 59.808
1090 59.808
1100 59.808
1110 59.808
1120 59.808
1130 60.7454
1140 60.7454
1150 60.7454
1160 60.7454
1170 61.4003
1180 61.4003
1190 61.6847
1200 62.3618
1210 62.3618
1220 62.3618
1230 62.6259
1240 63.3246
1250 63.3246
1260 64.0312
1270 64.0312
1280 65
1290 65
1300 65
1310 65.192
1320 65.192
1330 65.9697
1340 65.9697
1350 66.2193
1360 67.1863
1370 67.1863
1380 67.4463
1390 67.4463
1400 68.0074
1410 68.0074
1420 68.1542
1430 69.1231
1440 69.1231
1450 69.1231
1460 69.1231
1470 69.1231
1480 69.1231
1490 69.1231
1500 69.1231
1510 69.1231
1520 70.8308
1530 70.8308
1540 70.8308
1550 71.0634
1560 71.0634
1570 71.0634
1580 71.0634
1590 71.0634
1600 71.0634
1610 71.0634
1620 71.8053
1630 71.8053
1640 71.8053
1650 72.0347
1660 72.0347
1670 72.0347
1680 72.0347
1690 72.7805
1700 72.7805
1710 72.7805
1720 72.7805
1730 73.0068
1740 73.0068
1750 73.0068
1760 73.0068
1770 73.0068
1780 73.2462
1790 73.2462
1800 73.4983
1810 74.4648
1820 74.4648
1830 74.4648
1840 74.4648
1850 74.4648
1860 74.7262
1870 74.7262
1880 75
1890 75.6902
1900 75.6902
1910 76.6551
1920 76.6551
1930 76.6551
1940 78.5875
1950 78.5875
1960 78.5875
1970 78.5875
1980 78.5875
1990 79.555
2000 80.5233
2010 80.5233
2020 80.5233
2030 81.4923
2040 81.4923
2050 81.4923
2060 81.4923
2070 81.4923
2080 82.0061
2090 82.0061
2100 82.0061
2110 82.0061
2120 82.0061
2130 82.0061
2140 82.0061
2150 82.0061
2160 82.0061
2170 82.0061
2180 82.0061
2190 82.0061
2200 82.0061
2210 82.4621
2220 82.4621
2230 82.4621
2240 82.4621
2250 82.4621
2260 82.4621
2270 83.4326
2280 83.4326
2290 83.4326
2300 83.4326
2310 83.5225
2320 83.5225
2330 83.5225
2340 83.678
2350 83.678
2360 83.678
2370 83.678
2380 83.678
2390 84.4038
2400 84.4038
2410 84.4038
2420 85.1645
2430 85.1645
2440 85.1645
2450 85.1645
2460 86.1278
2470 87.0919
2480 87.0919
2490 87.0919
2500 87.0919
2510 87.0919
2520 87.0919
2530 87.0919
2540 87.0919
2550 87.5957
2560 87.9204
2570 87.9204
2580 87.9204
2590 87.9204
2600 87.9204
2610 88.8651
2620 88.8651
2630 88.8651
2640 88.8651
2650 89.8109
2660 89.8109
2670 89.8109
2680 89.8109
2690 89.8109
2700 89.8109
2710 89.8109
2720 90.1388
2730 90.1388
2740 90.1388
2750 90.1388
2760 91.4166
2770 92.358
2780 92.358
2790 92.358
2800 92.358
2810 92.6984
2820 92.6984
2830 92.6984
2840 92.6984
2850 93.6376
2860 93.6376
2870 93.6376
